TILEMAP
32 24
8 8
images/tilesets_interior-green.png
17 15
23
24 25 26 32 26 26 26 26 35 36 37 38 26 32 26 26 26 26 26 26 26 26 26 26 26 32 26 26 26 26 33 34 
24 39 40 40 40 41 41 40 35 43 44 38 41 40 40 41 41 40 40 40 40 40 40 40 40 40 40 41 40 41 42 34 
24 46 26 26 26 26 32 26 35 49 50 38 26 26 26 26 26 26 26 26 26 26 26 26 32 26 26 26 32 26 48 34 
24 52 40 40 41 41 41 41 58 59 59 60 41 40 41 41 40 41 40 41 41 41 41 41 41 41 41 41 41 41 57 34 
24 52 1 1 1 1 1 1 1 1 1 1 1 1 1 1 1 1 1 1 1 1 1 1 1 1 1 1 1 1 62 34 
24 52 1 3 3 3 3 3 3 3 3 3 3 3 3 3 3 3 3 3 3 3 3 3 3 3 3 3 3 3 62 34 
24 52 1 3 3 3 3 3 3 3 3 3 3 3 3 3 3 3 3 3 3 3 3 3 3 3 3 3 3 3 61 34 
24 52 1 3 3 3 3 3 3 3 3 3 3 3 3 3 3 3 3 3 3 3 3 3 3 3 3 3 3 3 62 34 
24 52 1 3 3 3 3 3 3 3 3 3 3 3 3 3 3 3 3 3 3 3 63 64 65 66 5 3 3 3 61 34 
24 52 1 3 3 3 3 3 3 3 3 3 3 3 3 3 3 3 3 3 3 3 71 72 73 74 1 3 3 3 61 34 
24 52 1 3 3 3 3 3 3 3 3 3 3 3 3 3 3 3 3 3 3 3 78 79 80 81 1 3 3 3 61 34 
24 52 1 3 3 3 63 64 65 66 5 3 3 3 3 3 3 3 3 3 3 3 86 87 88 89 1 3 3 3 62 34 
24 52 1 3 3 3 71 72 73 74 1 3 3 3 3 3 3 3 3 3 3 3 63 64 65 66 1 3 3 3 61 34 
24 52 1 3 3 3 78 79 80 81 1 3 3 3 3 3 3 3 3 3 3 3 71 72 73 74 1 3 3 3 62 34 
24 52 1 3 3 3 86 87 88 89 1 3 3 3 3 3 3 3 3 3 3 3 78 79 80 81 1 3 3 3 61 34 
24 52 1 3 3 3 63 64 65 66 1 3 3 3 3 3 3 3 3 3 3 3 86 87 88 89 1 3 3 3 61 34 
24 52 1 3 3 3 71 72 73 74 1 3 3 3 3 3 3 3 3 3 3 3 7 1 1 1 1 3 3 3 61 34 
24 52 1 3 3 3 78 79 80 81 1 3 3 3 3 3 3 3 3 3 3 3 3 3 3 3 3 3 3 3 62 34 
24 52 1 3 3 3 86 87 88 89 1 3 3 3 3 3 3 3 3 3 3 3 3 3 3 3 3 3 3 3 62 34 
24 52 1 3 3 3 7 1 1 1 1 3 3 3 3 3 3 3 3 3 3 3 3 3 3 3 3 3 3 3 61 34 
24 52 1 3 3 3 3 3 3 3 3 3 3 3 3 3 3 3 3 3 3 3 3 3 3 3 3 3 3 3 62 34 
24 52 1 3 3 3 3 3 3 3 3 3 3 3 3 3 3 3 3 3 3 3 3 3 3 3 3 3 3 3 62 34 
24 52 1 3 3 3 3 3 3 3 3 3 3 3 3 3 3 3 3 3 3 3 3 3 3 3 3 3 3 3 61 34 
155 144 144 144 144 144 144 144 144 144 144 144 144 144 144 144 144 144 144 144 144 144 144 144 144 144 144 144 144 144 144 154 
ENEMIES
boss 3 5