TILEMAP
64 48
8 8
images/tilesets_exterior.png
16 12
18
19 19 19 19 19 19 19 19 19 19 19 19 19 19 19 19 19 19 19 19 19 19 19 19 19 19 19 19 20 19 19 19 19 19 19 19 19 19 19 23 19 19 19 19 23 19 19 19 23 19 19 19 19 19 19 19 19 19 19 19 19 23 19 23
19 23 21 19 19 23 19 19 19 19 23 19 19 23 19 19 19 19 20 19 19 21 19 19 19 19 19 19 19 19 19 21 19 19 23 19 19 20 19 19 19 19 19 19 19 19 19 19 19 19 20 19 19 19 19 19 19 21 19 19 19 19 19 19
21 19 19 19 19 19 20 19 19 23 19 19 19 19 19 19 19 19 19 19 19 23 19 19 23 19 19 19 19 23 19 19 19 19 19 19 19 19 19 19 19 19 19 19 21 19 19 19 19 19 19 19 19 19 19 19 19 19 19 19 19 19 19 19
19 19 19 23 19 21 19 19 19 19 19 19 19 19 21 19 19 19 19 19 19 19 20 19 19 19 19 19 19 19 23 19 19 19 19 19 19 19 19 19 19 19 19 19 19 19 19 23 19 19 19 19 19 19 21 19 19 19 19 19 19 19 19 23
31 33 33 19 19 19 19 19 19 19 19 19 19 19 19 19 20 19 19 23 19 19 19 19 19 19 19 19 21 19 19 19 19 19 19 19 19 19 21 19 19 19 19 19 19 19 19 19 19 19 19 23 19 19 19 19 19 19 19 19 20 19 19 19
40 34 29 30 31 19 19 19 19 19 19 19 19 19 19 19 19 19 19 19 19 19 19 19 21 19 19 19 19 19 19 19 19 20 19 19 23 19 19 19 19 23 23 19 19 19 21 19 19 19 19 19 19 19 23 19 19 19 19 19 19 19 23 23
40 40 34 25 33 19 23 19 19 19 19 20 19 19 19 19 21 19 19 35 36 37 19 19 19 19 23 19 19 23 19 19 19 19 19 19 19 19 19 19 19 19 19 19 19 19 19 19 19 23 19 19 19 19 19 19 19 19 19 19 19 21 19 19
34 24 40 25 25 30 31 19 19 19 19 19 19 23 19 19 19 19 19 41 42 43 19 19 19 20 19 19 19 19 19 19 19 19 21 19 19 19 19 19 35 36 37 19 19 19 19 19 19 19 19 19 19 21 35 36 37 19 21 19 19 19 19 19
34 40 40 25 34 25 30 31 30 31 30 31 20 19 19 19 19 19 39 44 45 46 43 19 23 19 35 36 37 19 19 19 19 19 19 19 19 21 19 19 41 42 41 42 43 19 19 20 19 19 19 19 19 19 39 48 40 37 19 19 19 19 19 27
34 34 24 25 34 25 25 34 25 25 25 30 31 29 30 22 25 51 51 48 48 19 19 19 19 38 41 42 43 19 19 23 19 41 42 43 19 19 19 40 40 48 57 57 43 19 19 19 19 19 23 19 19 41 39 57 48 19 19 23 19 27 24 24
40 34 41 34 25 41 24 34 34 24 40 24 25 24 24 24 24 24 53 57 61 40 33 22 33 33 27 61 31 32 31 22 41 42 48 42 43 33 40 56 57 58 57 58 29 30 29 30 31 19 19 19 19 62 54 55 58 43 19 19 27 24 40 25
24 24 58 34 58 34 34 25 25 24 25 40 25 25 40 40 24 25 27 40 24 25 24 40 40 24 24 24 40 40 40 24 26 41 58 40 24 24 25 48 56 25 58 25 24 27 24 27 24 32 30 32 26 26 25 25 40 40 32 33 25 24 40 24
40 34 58 49 34 34 48 25 41 25 34 24 24 24 24 11 24 22 40 24 27 40 24 24 22 4 27 27 24 24 24 24 26 40 40 3 25 40 40 41 25 25 25 25 26 1 3 26 26 26 26 26 40 26 26 26 24 40 3 25 25 40 25 34
24 55 61 58 58 56 57 25 24 24 40 25 24 22 12 12 11 25 26 26 15 15 2 2 2 2 4 27 27 5 2 14 2 2 2 2 2 3 34 34 34 5 2 2 2 2 2 2 2 2 2 2 2 24 25 15 2 2 2 2 3 34 34 40
26 27 58 53 55 62 57 27 24 40 24 40 25 12 9 2 12 9 12 12 2 2 14 12 9 2 2 12 14 2 2 12 2 12 14 9 2 12 14 2 12 14 9 12 12 12 9 2 12 14 12 14 2 12 14 14 12 14 9 2 2 3 25 40
40 25 34 53 53 61 24 24 24 25 34 25 7 12 14 12 12 12 14 14 14 12 2 12 14 2 12 14 9 2 9 2 2 14 12 12 12 12 14 2 12 14 9 2 12 14 14 9 2 12 14 63 64 65 66 67 68 69 12 9 2 3 34 24
26 27 26 24 25 40 25 34 34 25 25 3 2 12 9 12 12 9 2 12 14 9 12 12 9 2 12 9 2 12 14 12 12 12 12 14 9 12 12 12 12 12 12 14 12 14 12 9 2 12 14 70 71 72 73 74 75 76 9 2 2 3 25 34
26 24 24 34 34 24 27 34 7 12 14 12 12 9 9 2 12 14 14 9 2 12 12 12 12 14 9 2 9 12 9 12 12 9 12 14 2 12 14 2 12 14 9 12 9 14 9 12 12 12 14 77 78 79 79 79 78 80 9 9 2 3 34 25
25 26 27 25 24 25 34 1 12 12 14 9 12 12 14 9 2 12 9 2 12 2 12 12 9 2 12 12 9 9 12 14 12 12 12 12 12 12 2 12 11 6 15 2 12 14 9 9 12 12 9 2 12 14 2 12 14 9 2 9 2 3 34 34
34 34 24 25 25 25 25 24 15 14 9 9 2 12 9 2 12 14 12 14 9 2 9 12 12 9 2 12 14 12 12 9 12 12 9 14 12 2 4 24 25 24 24 40 6 2 2 12 8 14 9 2 12 14 2 12 12 9 12 12 11 34 24 40
25 26 27 25 34 25 24 25 24 15 12 9 12 12 14 9 2 12 9 2 9 12 12 9 2 12 14 9 2 12 9 9 2 12 14 14 12 4 34 24 24 25 40 25 24 11 6 15 8 11 6 15 15 12 12 12 14 9 2 2 3 34 40 34
24 24 40 25 27 34 34 24 24 24 15 15 2 12 14 9 9 2 12 14 9 9 2 12 9 2 12 14 9 2 12 14 9 2 12 11 6 4 24 27 25 24 24 41 42 40 24 24 27 25 24 40 40 15 14 14 14 14 2 8 34 34 40 25
34 24 40 57 26 34 25 24 25 24 24 24 6 6 15 8 5 5 6 15 5 5 11 6 15 11 6 15 5 15 15 5 6 11 34 24 40 25 40 24 25 25 24 40 27 25 24 40 24 25 25 24 40 40 1 2 2 2 14 3 34 25 24 34
24 24 57 34 40 25 26 27 24 25 26 27 34 25 24 25 24 24 26 25 25 24 24 24 27 25 25 24 25 24 24 25 24 25 25 40 27 25 24 27 25 34 27 25 24 25 27 25 27 25 34 40 40 40 7 2 2 2 14 3 24 24 40 25
119 119 120 119 119 119 119 119 119 120 119 119 119 119 119 119 119 119 119 120 121 39 39 39 39 27 25 24 41 27 25 24 27 25 24 25 24 25 25 24 27 25 24 25 25 25 24 25 24 25 25 24 14 14 9 9 14 9 14 11 3 24 24 24
125 123 124 125 125 125 125 125 125 124 125 125 125 125 125 125 125 125 123 124 127 165 39 27 25 24 25 25 41 24 25 25 24 25 25 25 27 25 34 25 25 25 27 25 34 25 27 25 27 25 34 7 9 14 14 9 9 9 9 11 4 24 40 24
125 125 125 125 125 125 125 125 125 125 125 125 125 125 125 125 125 125 125 125 127 165 25 27 25 27 25 34 27 25 24 34 27 25 34 25 7 2 2 7 7 12 12 7 27 25 34 24 7 14 14 12 14 12 12 12 12 12 9 12 24 24 40 24
125 125 125 125 125 125 125 125 125 125 125 125 125 125 125 125 125 125 125 125 127 165 25 27 25 24 27 25 24 25 25 39 39 24 18 95 96 97 97 97 97 98 12 14 12 12 12 12 12 14 12 12 9 12 12 9 12 12 9 4 24 24 24 24
125 125 125 125 125 125 125 125 125 125 125 125 125 125 125 125 125 125 125 125 127 165 27 25 24 25 24 25 27 25 34 39 39 99 100 101 102 103 103 103 103 103 12 9 12 12 9 12 12 9 12 9 9 2 12 14 12 2 8 4 24 24 24 24
125 125 125 125 125 126 125 125 125 125 125 125 125 125 125 125 125 125 125 125 127 165 24 25 25 34 3 25 25 40 41 34 40 104 105 106 107 108 108 108 108 108 9 9 2 12 14 2 9 9 2 12 14 9 2 12 2 9 8 24 25 34 26 25
125 128 126 125 125 125 125 123 125 125 125 125 125 125 125 125 125 123 128 125 127 165 27 25 34 9 2 2 3 34 34 40 40 109 110 111 112 113 114 115 116 117 12 12 14 12 12 12 12 14 9 2 12 9 2 2 2 15 4 41 34 25 41 24
130 130 130 130 130 130 130 130 130 130 130 130 130 130 130 130 130 130 130 130 130 165 9 9 9 9 9 2 2 3 25 40 24 1 12 9 12 12 9 12 12 14 14 12 9 12 12 9 12 12 9 9 14 11 6 6 6 15 24 58 34 58 34 34
156 156 156 156 156 156 156 156 156 156 156 156 156 156 156 156 156 156 156 156 156 165 2 12 14 9 12 9 2 3 34 41 24 24 12 12 14 12 12 12 12 12 9 9 9 2 12 14 14 14 9 11 6 24 41 34 24 40 34 58 49 34 34 48
156 156 133 134 157 156 156 156 156 156 156 156 156 156 133 134 157 156 156 156 156 165 14 9 2 12 9 14 11 3 24 34 24 15 12 14 12 12 12 9 12 12 12 14 12 12 12 12 8 6 6 6 24 34 24 34 24 34 55 61 58 58 56 57
156 156 156 156 156 156 156 156 150 151 152 156 156 156 156 157 156 156 156 156 156 165 9 2 12 2 9 2 8 4 40 40 34 40 6 9 12 12 9 14 12 12 12 9 12 12 9 15 8 41 24 34 41 24 24 41 25 26 27 58 53 55 62 57
156 156 156 156 156 156 156 156 158 162 161 156 156 156 156 156 156 156 156 156 156 165 12 14 9 2 12 2 3 34 34 34 27 24 1 9 2 12 14 12 12 12 9 9 2 12 14 6 25 24 24 34 41 25 34 24 24 40 25 34 53 53 61 24
156 156 156 156 156 156 156 156 158 162 161 156 156 156 156 156 156 156 156 156 156 165 9 12 9 12 12 14 3 41 41 24 27 24 1 14 12 12 12 9 2 12 14 14 12 12 12 14 25 25 40 41 25 25 25 25 26 1 15 12 3 34 24 24
165 165 165 165 165 165 165 165 153 154 155 165 165 165 165 165 165 165 165 165 165 165 9 9 2 9 2 3 24 41 41 40 27 1 9 9 12 12 9 14 9 2 12 9 12 12 9 14 14 15 34 34 15 2 2 2 2 2 2 2 3 34 40 24
25 25 25 25 25 7 2 12 14 2 9 14 12 12 9 63 64 65 66 67 68 69 9 9 14 9 2 9 3 3 41 41 27 24 12 12 12 12 14 9 9 12 14 12 12 9 12 12 95 96 97 97 97 97 98 14 12 12 12 8 34 27 25 24
25 25 25 1 9 9 14 9 2 12 14 12 12 12 9 70 71 72 73 74 75 76 9 9 9 2 14 9 2 3 24 41 41 12 14 12 12 9 12 12 14 12 14 12 12 9 99 100 101 102 103 103 103 103 103 9 12 12 9 8 34 24 25 25
25 24 1 9 9 9 9 9 9 2 9 12 12 9 2 77 78 79 79 79 78 80 9 12 12 14 9 9 9 9 14 3 14 14 12 2 12 14 12 9 2 12 9 12 12 2 104 105 106 107 108 108 108 108 108 9 2 12 14 8 24 27 25 34
25 25 9 9 9 9 9 2 12 9 2 12 9 12 2 12 9 9 12 9 12 12 9 9 9 2 9 9 9 9 9 9 9 9 14 9 2 12 12 12 14 9 9 2 9 2 109 110 111 112 113 114 115 116 117 14 9 2 12 8 25 27 25 24
25 1 9 2 12 14 14 12 14 2 2 12 14 9 12 12 12 2 12 9 2 12 12 9 12 12 9 9 9 9 9 9 9 9 12 12 2 12 11 6 15 2 12 14 9 9 12 12 12 14 12 12 14 12 12 14 9 2 12 8 24 24 25 25
25 12 12 95 96 97 97 97 97 98 14 9 2 12 12 12 12 14 9 2 9 2 9 14 12 12 12 14 12 14 9 14 14 12 12 2 4 24 25 24 24 40 6 9 2 12 9 2 9 9 12 12 9 12 12 9 9 12 9 8 25 26 25 34
25 99 100 101 102 103 103 103 103 103 9 2 9 2 12 12 9 2 12 12 2 12 12 9 12 12 9 9 12 12 9 12 9 12 12 4 34 24 24 25 40 25 24 9 2 9 2 12 14 9 2 12 9 9 2 12 14 14 12 4 25 24 27 25
25 104 105 106 107 108 108 108 108 108 12 14 9 2 9 12 12 9 2 12 14 2 9 9 2 2 2 2 2 12 14 9 9 2 6 4 24 27 25 24 24 41 42 15 15 9 9 9 12 14 9 2 12 14 9 2 12 11 6 4 34 24 24 25
25 109 110 111 112 113 114 115 116 117 11 6 15 11 6 15 11 6 15 15 15 15 15 15 5 5 5 6 5 5 5 5 6 5 40 25 40 24 25 25 24 40 27 25 24 15 15 11 6 15 5 15 15 5 6 11 34 24 40 25 34 34 27 25
25 27 25 27 27 25 27 27 24 24 25 24 25 24 24 24 24 25 24 24 24 26 25 24 26 25 25 25 25 25 25 25 25 25 25 25 25 25 27 25 25 27 25 25 25 27 25 25 25 25 25 25 25 25 25 25 25 25 24 24 24 24 24 24
ENEMIES 
guard 58 14 58 14
dog 30 40