TILEMAP
64 72
8 8
images/tilesets_interior-green.png
17 15 
15
24 25 26 26 26 27 26 26 26 26 26 26 26 27 26 26 26 26 26 26 26 26 26 26 26 27 26 26 26 33 34 24 25 26 26 26 26 27 26 26 26 26 26 26 26 28 29 30 31 26 26 26 27 26 26 26 26 27 26 26 26 26 33 34
24 39 41 41 40 41 40 41 40 40 41 40 40 41 40 41 40 40 40 41 41 41 40 40 40 41 40 41 40 42 34 24 39 41 40 41 40 41 40 41 41 40 40 41 40 28 29 30 31 41 40 40 41 40 41 40 40 41 40 41 40 40 42 34
24 239 26 27 26 26 26 26 26 26 26 26 26 26 26 26 26 26 26 27 26 26 26 26 26 26 26 47 26 48 34 24 239 26 26 27 26 26 26 47 26 26 26 27 26 28 29 30 31 26 26 26 26 26 26 26 26 26 26 47 26 26 48 34
24 52 40 41 40 41 40 40 40 40 40 40 40 41 40 40 40 40 40 41 40 40 40 40 40 41 40 41 40 57 34 24 52 40 40 41 40 41 40 41 40 40 40 41 40 53 54 55 56 40 40 40 41 40 40 40 40 41 40 41 40 40 57 34
24 52 1 1 1 1 1 1 1 1 1 1 1 1 1 1 1 1 1 1 1 1 1 1 1 1 1 1 1 62 34 24 52 1 1 1 1 1 1 1 1 1 1 1 1 1 1 1 1 1 1 1 1 1 1 1 1 1 1 1 1 1 62 34
24 52 1 3 3 3 3 3 3 3 3 3 3 3 3 3 3 3 3 3 3 3 3 3 3 3 3 3 3 62 34 24 52 1 3 3 3 3 3 3 3 3 3 3 3 3 3 3 3 3 3 3 3 3 3 3 3 3 3 3 3 3 62 34
24 52 1 3 3 3 3 3 3 3 3 3 3 3 3 3 3 3 3 3 3 3 3 3 3 3 3 3 3 62 34 24 52 1 3 3 3 3 3 3 3 3 3 3 3 3 3 3 3 3 3 3 3 3 3 3 3 3 3 3 3 3 62 34
24 52 1 3 3 3 3 3 3 3 3 3 3 3 3 3 3 3 3 3 3 3 3 3 3 3 3 3 3 62 34 24 52 1 3 3 3 63 64 65 66 63 64 65 66 63 64 65 66 63 64 65 66 63 64 65 66 1 3 3 3 3 62 34
24 52 1 3 3 3 3 3 3 3 3 3 3 3 3 3 3 3 3 3 3 3 3 3 3 3 3 3 3 62 34 24 52 1 3 3 3 71 72 73 74 71 72 73 74 71 72 73 74 71 72 73 74 71 72 73 74 1 3 3 3 3 62 34
24 52 1 3 3 3 3 3 3 3 3 3 3 3 3 3 3 3 3 3 3 3 3 3 3 3 3 3 3 62 34 24 52 1 3 3 3 78 79 80 81 78 79 80 81 78 79 80 81 78 79 80 81 78 79 80 81 1 3 3 3 3 62 34
24 52 1 3 3 3 3 3 3 3 3 3 3 3 3 3 3 3 3 3 3 3 3 3 3 3 3 3 3 62 34 24 52 1 3 3 3 78 79 80 81 78 79 80 81 78 79 80 81 78 79 80 81 78 79 80 81 1 3 3 3 3 62 34
24 52 1 3 3 63 64 65 66 63 64 65 66 5 3 3 3 3 63 64 65 66 63 64 65 66 5 3 3 61 34 24 52 1 3 3 3 63 64 65 66 1 1 1 1 1 1 1 1 1 1 1 1 63 64 65 66 1 3 3 3 3 62 34
24 52 1 3 3 71 72 73 74 71 72 73 74 1 3 3 3 3 71 72 73 74 71 72 73 74 1 3 3 61 34 24 52 1 3 3 3 71 72 73 74 1 3 3 3 3 3 3 3 3 3 3 3 71 72 73 74 1 3 3 3 3 62 34
24 52 1 3 3 78 79 80 81 78 79 80 81 1 3 3 3 3 78 79 80 81 78 79 80 81 1 3 3 62 34 24 52 1 3 3 3 78 79 80 81 1 3 3 3 3 3 3 3 3 3 3 3 78 79 80 81 1 3 3 3 3 62 34
24 52 1 3 3 78 79 80 81 78 79 80 81 1 3 3 3 3 78 79 80 81 78 79 80 81 1 3 3 62 34 24 52 1 3 3 3 63 64 65 66 1 3 3 3 3 3 3 3 3 3 3 3 78 79 80 81 1 3 3 3 3 62 34
24 52 1 3 3 63 64 65 66 63 64 65 66 1 3 3 3 3 63 64 65 66 63 64 65 66 1 3 3 62 34 24 52 1 3 3 3 71 72 73 74 1 3 3 3 3 3 3 3 3 3 3 3 63 64 65 66 1 3 3 3 3 62 34
24 52 1 3 3 71 72 73 74 71 72 73 74 1 3 3 3 3 71 72 73 74 71 72 73 74 1 3 3 62 34 24 52 1 3 3 3 78 79 80 81 1 3 3 3 3 3 3 3 3 3 3 3 71 72 73 74 1 3 3 3 3 62 34
24 52 1 3 3 78 79 80 81 78 79 80 81 1 3 3 3 3 78 79 80 81 78 79 80 81 1 3 3 62 34 24 52 1 3 3 3 78 79 80 81 1 3 3 3 3 3 3 3 3 3 3 3 78 79 80 81 1 3 3 3 3 62 34
24 52 1 3 3 78 79 80 81 78 79 80 81 1 3 3 3 3 78 79 80 81 78 79 80 81 1 3 3 62 34 24 52 1 3 3 3 1 1 1 1 1 3 3 3 3 3 3 3 3 3 3 3 78 79 80 81 1 3 3 3 3 62 34
24 52 1 3 3 7 1 1 1 1 1 1 1 1 3 3 3 3 7 1 1 1 1 1 1 1 1 3 3 62 34 24 52 1 3 3 3 3 3 3 3 3 3 3 3 3 3 3 3 3 3 3 3 1 1 1 1 1 3 3 3 3 62 34
24 52 1 3 3 3 3 3 3 3 3 3 3 3 3 3 3 3 3 3 3 3 3 3 3 3 3 3 3 62 34 24 52 1 3 3 3 3 3 3 3 3 3 3 3 3 3 3 3 3 3 3 3 3 3 3 3 3 3 3 3 3 62 34
24 52 1 3 3 3 3 3 3 3 3 3 3 3 3 3 3 3 3 3 3 3 3 3 3 3 3 3 3 62 34 24 52 1 3 3 3 3 3 3 3 3 3 3 3 3 3 3 3 3 3 3 3 3 3 3 3 3 3 3 3 3 62 34
24 52 1 3 3 3 3 3 3 3 3 3 3 3 3 3 3 3 3 3 3 3 3 3 3 3 3 3 3 62 34 24 52 1 3 3 3 3 3 3 3 3 3 3 3 3 3 3 3 3 3 3 3 3 3 3 3 3 3 3 3 3 62 34
155 144 144 144 144 144 144 144 144 144 144 144 144 144 144 144 144 144 144 144 144 144 144 144 144 144 144 144 144 144 154 155 144 144 144 144 144 144 144 144 144 144 144 144 144 144 144 144 144 144 144 144 144 144 144 144 144 144 144 144 144 144 144 0
24 25 26 26 26 26 27 26 26 26 26 26 26 26 35 36 37 38 26 26 26 26 26 26 26 26 27 26 26 26 26 26 26 26 26 26 26 26 27 26 26 26 26 26 26 26 35 36 37 38 26 26 26 26 27 26 26 26 26 26 26 26 33 34
24 39 41 40 41 40 41 40 41 41 40 40 41 40 35 43 44 38 41 40 41 41 41 40 40 40 41 40 41 40 41 41 40 40 41 40 41 40 41 40 41 41 40 40 41 40 35 43 44 38 41 40 41 40 41 40 41 40 40 40 41 40 42 34
24 239 26 26 27 26 26 26 47 26 26 26 27 26 35 49 50 38 26 26 27 26 26 26 26 26 26 26 26 26 26 26 26 26 26 26 27 26 26 26 47 26 26 26 27 26 35 49 50 38 26 26 27 26 26 26 26 26 26 26 47 26 48 34
24 52 40 40 41 40 41 40 41 40 40 40 41 40 58 59 59 60 40 40 41 40 40 40 40 40 41 40 41 40 40 40 40 40 40 40 41 40 41 40 41 40 40 40 41 40 58 59 59 60 40 40 41 40 41 40 40 40 40 40 41 40 57 34
24 52 1 1 1 1 1 1 1 1 1 1 1 1 1 1 1 1 1 1 1 1 1 1 1 1 1 1 1 1 1 1 1 1 1 1 1 1 1 1 1 1 1 1 1 1 1 1 1 1 1 1 1 1 1 1 1 1 1 1 1 1 62 34
24 52 1 3 3 3 3 3 3 3 3 3 3 3 3 3 3 3 3 3 3 3 3 3 3 3 3 3 3 3 3 3 3 3 3 3 3 3 3 3 3 3 3 3 3 3 3 3 3 3 3 3 3 3 3 3 3 3 3 3 3 3 62 34
24 52 1 3 63 64 65 66 63 64 65 66 5 3 3 3 3 3 63 64 65 66 63 64 65 66 5 3 3 3 3 3 3 3 3 3 3 3 3 3 3 3 3 3 3 3 3 3 3 3 3 3 3 3 3 3 3 3 3 3 3 3 62 34
24 52 1 3 71 72 73 74 71 72 73 74 1 3 3 3 3 3 71 72 73 74 71 72 73 74 1 3 3 3 3 3 3 3 3 3 67 68 68 69 67 68 68 69 3 3 3 3 3 3 3 3 3 3 3 3 3 3 3 3 3 3 62 34
24 52 1 3 78 79 80 81 78 79 80 81 1 3 3 3 3 3 78 79 80 81 78 79 80 81 1 3 3 3 3 3 3 3 3 3 75 76 76 77 75 76 76 77 5 3 3 3 3 3 3 3 3 3 3 3 3 3 3 3 3 3 61 34
24 52 1 3 78 79 80 81 78 79 80 81 1 3 3 3 3 3 78 79 80 81 78 79 80 81 1 3 3 3 3 3 3 3 3 3 75 76 76 77 75 76 76 77 1 3 3 3 3 3 3 3 3 3 3 3 3 3 3 3 3 3 61 34
24 52 1 3 63 64 65 66 63 64 65 66 1 3 3 3 3 3 63 64 65 66 63 64 65 66 1 3 3 3 3 3 3 3 3 3 75 76 76 77 75 76 76 77 1 3 3 3 3 3 3 3 3 3 3 3 3 3 3 3 3 3 62 34
24 52 1 3 71 72 73 74 71 72 73 74 1 3 3 3 3 3 71 72 73 74 71 72 73 74 1 3 3 3 3 3 3 3 3 3 94 95 96 97 94 95 96 97 1 3 3 3 3 3 3 3 3 3 3 3 3 3 3 3 3 3 62 34
24 52 1 3 78 79 80 81 78 79 80 81 1 3 3 3 3 3 78 79 80 81 78 79 80 81 1 3 3 3 3 3 3 3 3 3 104 105 106 107 104 105 106 107 1 3 3 3 3 3 3 3 3 3 3 3 3 3 3 3 3 3 62 34
24 52 1 3 78 79 80 81 78 79 80 81 1 3 3 3 3 3 78 79 80 81 78 79 80 81 1 3 3 3 3 3 3 3 3 3 114 115 116 117 114 115 116 117 1 3 3 3 3 3 3 67 68 68 69 67 68 68 69 3 3 3 62 34
24 52 1 3 7 1 1 1 1 1 1 1 1 3 3 3 3 3 7 1 1 1 1 1 1 1 1 3 3 3 3 3 3 3 3 3 124 125 126 127 124 125 126 127 1 3 3 3 3 3 3 75 76 76 77 75 76 76 77 5 3 3 62 34
24 52 1 3 3 3 3 3 3 3 3 3 3 3 3 3 3 3 3 3 3 3 3 3 3 3 3 3 3 3 3 3 3 3 3 3 7 1 1 1 1 1 1 1 1 3 3 3 3 3 3 75 76 76 77 75 76 76 77 1 3 3 62 34
24 52 1 3 3 3 3 3 3 3 3 3 3 3 3 3 3 3 3 3 3 3 3 3 3 3 3 3 3 3 3 3 3 3 3 3 3 3 3 3 3 3 3 3 3 3 3 3 3 3 3 75 76 76 77 75 76 76 77 1 3 3 62 34
24 52 1 3 3 3 3 3 3 3 3 3 3 3 3 3 3 3 3 3 3 3 3 3 3 3 3 3 3 3 3 3 3 3 3 3 3 3 3 3 3 3 3 3 3 3 3 3 3 3 3 94 95 96 97 94 95 96 97 1 3 3 62 34
24 52 1 3 167 168 169 170 171 172 5 3 3 3 167 168 169 170 171 172 5 3 3 3 3 3 3 3 3 3 3 3 3 3 3 3 3 3 3 3 3 3 3 3 3 3 3 3 3 3 3 104 105 106 107 104 105 106 107 1 3 3 62 34
24 52 1 3 173 174 175 176 177 178 1 3 3 3 173 174 175 176 177 178 1 3 3 3 3 3 3 3 3 3 3 3 3 3 3 3 3 3 3 3 3 3 3 3 3 3 3 3 3 3 3 114 115 116 117 114 115 116 117 1 3 3 62 34
24 52 1 3 179 180 181 182 183 184 1 3 3 3 179 180 181 182 183 184 1 3 3 3 3 3 3 3 3 3 3 3 3 3 3 3 3 3 3 3 3 3 3 3 3 3 3 3 3 3 3 124 125 126 127 124 125 126 127 1 3 3 62 34
24 52 1 3 185 186 187 188 189 190 1 3 3 3 185 186 187 188 189 190 1 3 3 3 3 3 3 3 3 3 3 3 3 3 3 3 3 3 3 3 3 3 3 3 3 3 3 3 3 3 3 7 1 1 1 1 1 1 1 1 3 3 61 34
24 52 1 3 191 192 193 194 195 196 1 3 3 3 191 192 193 194 195 196 1 3 3 3 3 3 3 3 3 3 3 3 3 3 3 3 3 3 3 3 3 3 3 3 3 3 3 3 3 3 3 3 3 3 3 3 3 3 3 3 3 3 61 34
24 52 1 3 197 198 199 200 201 202 1 3 3 3 197 198 199 200 201 202 1 3 3 3 3 3 3 3 3 3 3 3 3 3 3 3 3 3 3 3 3 3 3 3 3 3 3 3 3 3 3 3 3 3 3 3 3 3 3 3 3 3 62 34
24 52 1 3 7 1 1 1 1 1 1 3 3 3 7 1 1 1 1 1 1 3 4 4 4 4 4 4 4 4 4 4 4 4 4 4 4 4 4 4 4 4 4 4 4 4 4 4 4 4 4 4 4 4 4 4 4 4 4 4 4 4 62 34
24 52 1 3 3 3 3 3 3 3 3 3 3 3 3 3 3 3 3 3 3 3 4 4 4 4 4 4 4 4 4 4 4 4 4 4 4 4 4 4 4 4 4 4 4 4 4 4 4 4 4 4 4 4 4 4 4 4 4 4 4 4 62 34
24 52 1 3 3 3 3 3 3 3 3 3 3 3 3 3 3 3 3 3 3 3 4 4 4 4 4 4 4 4 4 4 4 4 4 4 4 4 4 4 4 4 4 4 4 4 4 4 4 4 4 4 4 4 4 4 4 4 4 4 4 4 62 34
24 52 1 3 3 3 3 3 3 3 3 3 3 3 3 3 3 3 3 3 3 3 4 4 4 4 4 4 4 4 4 4 4 4 4 4 4 4 4 4 4 4 4 4 4 4 4 4 4 4 4 4 4 4 4 4 4 4 4 4 4 4 62 34
24 52 1 3 167 168 169 170 171 172 5 3 3 3 3 63 64 65 66 1 3 3 4 4 4 4 4 4 4 4 4 4 4 4 4 4 4 4 4 4 4 4 4 4 4 4 4 4 4 4 4 4 4 4 4 4 4 4 4 4 4 4 62 34
24 52 1 3 173 174 175 176 177 178 1 3 3 3 3 71 72 73 74 1 3 3 4 4 4 4 4 203 204 205 206 82 83 84 85 82 83 84 85 82 83 84 85 82 83 84 85 82 83 84 85 82 83 84 85 82 83 84 85 6 4 4 62 34
24 52 1 3 179 180 181 182 183 184 1 3 3 3 3 78 79 80 81 1 3 3 4 4 4 4 4 207 208 209 210 90 91 92 93 90 91 92 93 90 91 92 93 90 91 92 93 90 91 92 93 90 91 92 93 90 91 92 93 2 4 4 62 34
24 52 1 3 185 186 187 188 189 190 1 3 3 3 3 78 79 80 81 1 3 3 4 4 4 4 4 211 212 213 214 98 99 100 101 98 99 100 101 98 99 100 101 98 99 100 101 98 99 100 101 98 99 100 101 98 99 100 101 2 4 4 62 34
24 52 1 3 191 192 193 194 195 196 1 3 3 3 3 63 64 65 66 1 3 3 4 4 4 4 4 215 216 217 218 108 109 110 111 108 109 110 111 108 109 110 111 108 109 110 111 108 109 110 111 108 109 110 111 108 109 110 111 2 4 4 62 34
24 52 1 3 197 198 199 200 201 202 1 3 3 3 3 71 72 73 74 1 3 3 4 4 4 4 4 219 220 221 222 118 119 120 121 118 119 120 121 118 119 120 121 118 119 120 121 118 119 120 121 118 119 120 121 118 119 120 121 2 4 4 62 34
24 52 1 3 7 1 1 1 1 1 1 3 3 3 3 78 79 80 81 1 3 3 4 4 4 4 4 223 224 225 226 128 129 130 131 128 129 130 131 128 129 130 131 128 129 130 131 128 129 130 131 128 129 130 131 128 129 130 131 2 4 4 62 34
24 52 1 3 3 3 3 3 3 3 3 3 3 3 3 63 64 65 66 1 3 3 4 4 4 4 4 8 2 2 2 2 2 2 2 2 2 2 2 2 2 2 2 2 2 2 2 2 2 2 2 2 2 2 2 2 2 2 2 2 4 4 61 34
24 52 1 3 3 3 3 3 3 3 3 3 3 3 3 71 72 73 74 1 3 3 4 4 4 4 4 4 4 4 4 4 4 4 4 4 4 4 4 4 4 4 4 4 4 4 4 4 4 4 4 4 4 4 4 4 4 4 4 4 4 4 61 34
24 52 1 3 3 3 3 3 3 3 3 3 3 3 3 78 79 80 81 1 3 3 4 4 4 4 4 4 4 4 4 4 4 4 4 4 4 4 4 4 4 4 4 4 4 4 4 4 4 4 4 4 4 4 4 4 4 4 4 4 4 4 62 34
24 52 1 3 167 168 169 170 171 172 5 3 3 3 3 78 79 80 81 1 3 3 4 4 4 4 4 82 83 84 85 6 4 4 4 82 83 84 85 82 83 84 85 203 204 205 206 6 4 4 4 82 83 84 85 82 83 84 85 6 4 4 62 34
24 52 1 3 173 174 175 176 177 178 1 3 3 3 3 63 64 65 66 1 3 3 4 4 4 4 4 90 91 92 93 2 4 4 4 90 91 92 93 90 91 92 93 207 208 209 210 2 4 4 4 90 91 92 93 90 91 92 93 2 4 4 62 34
24 52 1 3 179 180 181 182 183 184 1 3 3 3 3 71 72 73 74 1 3 3 4 4 4 4 4 98 99 100 101 2 4 4 4 98 99 100 101 98 99 100 101 211 212 213 214 2 4 4 4 98 99 100 101 98 99 100 101 2 4 4 62 34
24 52 1 3 185 186 187 188 189 190 1 3 3 3 3 78 79 80 81 1 3 3 4 4 4 4 4 108 109 110 111 2 4 4 4 108 109 110 111 108 109 110 111 215 216 217 218 2 4 4 4 108 109 110 111 108 109 110 111 2 4 4 62 34
24 52 1 3 191 192 193 194 195 196 1 3 3 3 3 78 79 80 81 1 3 3 4 4 4 4 4 118 119 120 121 2 4 4 4 118 119 120 121 118 119 120 121 219 220 221 222 2 4 4 4 118 119 120 121 118 119 120 121 2 4 4 62 34
24 52 1 3 197 198 199 200 201 202 1 3 3 3 3 1 1 1 1 1 3 3 4 4 4 4 4 128 129 130 131 2 4 4 4 128 129 130 131 128 129 130 131 223 224 225 226 2 4 4 4 128 129 130 131 128 129 130 131 2 4 4 62 34
24 52 1 3 7 1 1 1 1 1 1 3 3 3 3 3 3 3 3 3 3 3 4 4 4 4 4 8 2 2 2 2 4 4 4 8 2 2 2 2 2 2 2 2 2 2 2 2 4 4 4 4 2 2 2 2 2 2 2 2 4 4 62 34
24 52 1 3 3 3 3 3 3 3 3 3 3 3 3 3 3 3 3 3 3 3 4 4 4 4 4 4 4 4 4 4 4 4 4 4 4 4 4 4 4 4 4 4 4 4 4 4 4 4 4 4 4 4 4 4 4 4 4 4 4 4 62 34
24 52 1 3 3 3 3 3 3 3 3 3 3 3 3 3 3 3 3 3 3 3 4 4 4 4 4 4 4 4 4 4 4 4 4 4 4 4 4 4 4 4 4 4 4 4 4 4 4 4 4 4 4 4 4 4 4 4 4 4 4 4 62 34
155 144 144 144 144 144 144 144 144 144 144 144 144 144 144 144 144 144 144 144 144 144 144 144 144 144 144 144 144 144 144 144 144 144 144 144 144 144 144 144 144 144 144 144 144 144 144 144 144 144 144 227 228 229 144 144 144 144 144 144 144 144 144 154
ENEMIES
camera 2 24 28 24
guard 42 42 42 42
