TILEMAP
32 24
8 8
images/tilesets_inner-rooms.png
12 8
5
6 6 6 6 7 8 9 9 95 95 95 9 95 95 95 9 95 95 95 9 95 95 95 9 9 9 10 11 6 6 6 6 
6 6 6 6 7 12 9 9 96 96 96 9 96 96 96 9 96 96 96 9 96 96 96 9 9 9 13 11 6 6 6 6 
6 6 6 6 7 14 9 9 9 9 9 9 9 9 9 9 9 9 9 9 9 9 9 9 9 9 15 11 6 6 6 6 
6 6 6 6 7 16 17 17 21 17 17 17 17 17 21 17 17 17 17 17 21 21 17 17 21 17 18 11 6 6 6 6 
6 6 6 6 7 6 1 1 1 1 1 1 1 1 1 1 1 1 1 1 1 1 1 1 1 1 43 11 6 6 6 6 
6 6 6 6 7 6 1 2 2 2 2 2 2 2 2 2 2 2 2 2 2 2 2 2 2 2 43 11 6 6 6 6 
6 6 6 6 7 20 1 2 2 5 5 5 2 5 5 5 2 5 5 5 2 5 5 5 2 2 43 11 6 6 6 6 
6 6 6 6 7 24 1 2 2 5 5 5 2 5 5 5 2 5 5 5 2 5 5 5 2 2 43 11 6 6 6 6 
6 6 6 6 7 32 1 2 2 2 2 2 2 2 2 2 2 2 2 2 2 2 2 2 2 2 43 11 6 6 6 6 
6 6 6 6 7 27 1 2 2 2 2 2 2 2 2 2 2 2 2 2 2 2 2 2 2 2 43 11 6 6 6 6 
6 6 6 6 7 34 1 2 2 2 2 2 2 2 2 2 2 2 2 2 2 2 2 2 2 2 43 11 6 6 6 6 
6 6 6 6 7 30 1 2 2 2 2 2 2 2 2 2 2 2 2 2 2 2 2 2 2 2 43 11 6 6 6 6 
6 6 6 6 7 38 1 2 2 2 2 2 2 2 2 2 2 2 2 2 2 2 2 2 2 2 43 11 6 6 6 6 
6 6 6 6 7 41 1 2 44 46 47 45 4 2 2 2 2 2 2 2 2 2 2 2 2 2 43 11 6 6 6 6 
6 6 6 6 7 6 1 2 48 50 51 49 1 2 2 2 2 2 2 2 2 2 2 2 2 2 43 11 6 6 6 6 
6 6 6 6 7 6 1 2 52 54 54 53 1 2 2 2 2 2 2 2 2 2 2 2 2 2 43 11 6 6 6 6 
6 6 6 6 7 6 1 2 55 57 57 56 1 2 2 2 2 2 2 2 2 2 2 2 2 2 43 11 6 6 6 6 
6 6 6 6 7 6 1 2 3 1 1 1 1 2 2 2 2 2 2 2 2 2 2 2 2 2 43 11 6 6 6 6 
6 6 6 6 7 6 1 2 2 2 2 2 2 2 2 2 2 2 2 2 2 2 2 2 2 2 43 11 6 6 6 6 
6 6 6 6 7 58 58 58 58 58 58 58 58 58 58 58 58 58 58 58 58 58 58 58 58 58 58 11 6 6 6 6 
6 6 6 6 6 6 6 6 6 6 6 6 6 6 6 6 6 6 6 6 6 6 6 6 6 6 6 6 6 6 6 6 
6 6 6 6 6 6 6 6 6 6 6 6 6 6 6 6 6 6 6 6 6 6 6 6 6 6 6 6 6 6 6 6 
6 6 6 6 6 6 6 6 6 6 6 6 6 6 6 6 6 6 6 6 6 6 6 6 6 6 6 6 6 6 6 6 
6 6 6 6 6 6 6 6 6 6 6 6 6 6 6 6 6 6 6 6 6 6 6 6 6 6 6 6 6 6 6 6 
