TILEMAP
32 24
8 8
images/tilesets_truck.png
7 6
4
5 5 5 5 6 7 7 8 6 7 7 8 6 7 7 8 6 7 7 8 6 7 7 8 6 7 7 8 5 5 5 5 
5 5 5 5 9 10 11 12 9 10 11 12 9 10 11 12 9 10 11 12 9 10 11 12 9 10 11 13 5 5 5 5 
5 5 5 5 14 5 15 16 17 18 15 16 17 18 15 16 17 18 15 16 17 18 15 16 17 18 5 19 5 5 5 5 
5 5 5 5 14 5 20 21 20 21 20 21 20 21 20 21 20 21 20 21 20 21 20 21 20 21 5 19 5 5 5 5 
5 5 5 5 14 5 22 23 22 23 22 23 22 23 22 23 22 23 22 23 22 23 22 23 22 23 5 19 5 5 5 5 
5 5 5 5 14 5 22 23 22 23 22 23 22 23 22 23 22 23 22 23 22 23 22 23 22 23 5 19 5 5 5 5 
5 5 5 5 14 5 1 1 1 1 1 1 1 1 1 1 1 1 1 1 1 1 1 1 1 1 5 19 5 5 5 5 
5 5 5 5 14 5 2 2 2 2 3 2 2 2 3 2 2 2 3 2 2 2 3 2 2 2 5 19 5 5 5 5 
5 5 5 5 14 24 2 2 2 2 3 2 2 2 3 2 2 2 3 2 2 2 3 2 2 2 25 19 5 5 5 5 
5 5 5 5 14 26 2 2 2 2 3 2 2 2 3 2 2 2 3 2 2 2 3 2 2 2 27 19 5 5 5 5 
5 5 5 5 14 26 2 2 2 2 3 2 2 2 3 2 2 2 3 2 2 2 3 2 2 2 28 19 5 5 5 5 
5 5 5 5 14 29 2 2 2 2 3 2 2 2 3 2 2 2 3 2 2 2 3 4 4 4 30 19 5 5 5 5 
5 5 5 5 14 5 2 2 4 4 3 2 2 2 3 2 2 2 3 2 2 2 3 4 4 4 31 19 5 5 5 5 
5 5 5 5 14 5 2 2 4 4 3 2 2 2 3 2 2 2 3 2 2 2 3 4 4 4 32 19 5 5 5 5 
5 5 5 5 14 5 2 2 4 4 3 2 2 2 3 2 2 2 3 2 2 2 3 4 4 4 33 19 5 5 5 5 
5 5 5 5 14 5 2 2 2 2 3 2 2 2 3 2 2 2 3 2 2 2 3 4 4 4 34 19 5 5 5 5 
5 5 5 5 14 5 22 23 22 23 22 23 22 23 22 23 22 23 22 23 22 23 22 23 22 23 5 19 5 5 5 5 
5 5 5 5 14 5 22 23 22 23 22 23 22 23 22 23 22 23 22 23 22 23 22 23 22 23 5 19 5 5 5 5 
5 5 5 5 35 36 37 36 35 36 37 36 35 36 37 36 35 36 37 36 35 36 37 36 35 36 37 38 5 5 5 5 
5 5 5 5 39 40 41 42 39 40 41 42 39 40 41 42 39 40 41 42 39 40 41 42 39 40 41 42 5 5 5 5 
5 5 5 5 5 5 5 5 5 5 5 5 5 5 5 5 5 5 5 5 5 5 5 5 5 5 5 5 5 5 5 5 
5 5 5 5 5 5 5 5 5 5 5 5 5 5 5 5 5 5 5 5 5 5 5 5 5 5 5 5 5 5 5 5 
5 5 5 5 5 5 5 5 5 5 5 5 5 5 5 5 5 5 5 5 5 5 5 5 5 5 5 5 5 5 5 5 
5 5 5 5 5 5 5 5 5 5 5 5 5 5 5 5 5 5 5 5 5 5 5 5 5 5 5 5 5 5 5 5 
